6 1 2 3 4 5 7 9 8 
3 4 5 7 9 8 6 1 2 
7 9 8 6 1 2 3 4 5 
1 2 3 4 5 7 9 8 6 
4 5 7 9 8 6 1 2 3 
9 8 6 1 2 3 4 5 7 
2 3 4 5 7 9 8 6 1 
5 7 9 8 6 1 2 3 4 
8 6 1 2 3 4 5 7 9 

6 1 2 3 4 5 8 7 9 
3 4 5 8 7 9 6 1 2 
8 7 9 6 1 2 3 4 5 
1 2 3 4 5 8 7 9 6 
4 5 8 7 9 6 1 2 3 
7 9 6 1 2 3 4 5 8 
2 3 4 5 8 7 9 6 1 
5 8 7 9 6 1 2 3 4 
9 6 1 2 3 4 5 8 7 

6 1 2 3 4 5 8 9 7 
3 4 5 8 9 7 6 1 2 
8 9 7 6 1 2 3 4 5 
1 2 3 4 5 8 9 7 6 
4 5 8 9 7 6 1 2 3 
9 7 6 1 2 3 4 5 8 
2 3 4 5 8 9 7 6 1 
5 8 9 7 6 1 2 3 4 
7 6 1 2 3 4 5 8 9 

6 1 2 3 4 5 9 7 8 
3 4 5 9 7 8 6 1 2 
9 7 8 6 1 2 3 4 5 
1 2 3 4 5 9 7 8 6 
4 5 9 7 8 6 1 2 3 
7 8 6 1 2 3 4 5 9 
2 3 4 5 9 7 8 6 1 
5 9 7 8 6 1 2 3 4 
8 6 1 2 3 4 5 9 7 

6 1 2 3 4 5 9 8 7 
3 4 5 9 8 7 6 1 2 
9 8 7 6 1 2 3 4 5 
1 2 3 4 5 9 8 7 6 
4 5 9 8 7 6 1 2 3 
8 7 6 1 2 3 4 5 9 
2 3 4 5 9 8 7 6 1 
5 9 8 7 6 1 2 3 4 
7 6 1 2 3 4 5 9 8 

6 1 2 3 4 7 5 8 9 
3 4 7 5 8 9 6 1 2 
5 8 9 6 1 2 3 4 7 
1 2 3 4 7 5 8 9 6 
4 7 5 8 9 6 1 2 3 
8 9 6 1 2 3 4 7 5 
2 3 4 7 5 8 9 6 1 
7 5 8 9 6 1 2 3 4 
9 6 1 2 3 4 7 5 8 

